781845918122124
1516370613239116
1743589669975542
4471077866504879
828584253078736
879288458241367
1603767560904601
946136034870132
26581014731583266
1348422747338804
1671433393868708
1766631610973771
1365888562040680
4285537191702472
960564620193426
1478342953666929
2247103166111782
2136328070265553
1273819421505680
963850292862122
1016665790930262
939805732015609
1892407281468890
1471421001430476
1420690776176981
7634641539439791381
7629349042329521416
7635733117646506753
7634742814835838229
247863742934495233
7238604382869834522
7606506835725749015
7631438599858228487
7631998976257985799